21.538168 12.000000
44.416576 29.000000
38.228430 25.000000
23.261217 12.000000
14.112041 12.000000
20.648056 15.000000
35.724880 19.000000
32.931323 21.000000
45.932206 26.000000
30.885446 17.000000
33.835886 17.000000
27.733434 23.000000
39.609296 27.000000
30.918501 22.000000
16.473453 10.000000
35.707390 29.000000
40.838844 28.000000
16.356537 14.000000
30.697398 21.000000
16.291714 12.000000
20.321080 17.000000
21.041960 13.000000
31.573444 19.000000
35.405387 28.000000
20.927988 13.000000
25.186871 23.000000
29.475351 18.000000
20.012419 17.000000
49.535394 29.000000
35.111216 18.000000
20.686044 13.000000
40.571091 28.000000
37.278243 19.000000
23.398051 16.000000
11.920461 11.000000
31.857226 17.000000
42.473934 25.000000
19.237449 18.000000
30.394297 21.000000
26.385915 21.000000
18.212212 10.000000
41.542893 29.000000
18.188722 14.000000
36.965633 25.000000
42.296133 23.000000
24.544195 18.000000
35.121484 22.000000
17.045917 11.000000
23.516243 12.000000
33.443712 20.000000
35.712808 19.000000
10.908491 10.000000
33.792314 28.000000
35.807031 29.000000
28.051521 26.000000
25.820847 16.000000
20.158264 13.000000
28.232394 18.000000
29.123179 20.000000
14.730935 12.000000
21.900187 12.000000
36.929905 22.000000
12.164486 12.000000
25.217611 21.000000
14.850846 12.000000
32.536254 25.000000
19.525542 10.000000
40.796624 22.000000
37.412337 24.000000
46.713054 26.000000
31.306418 28.000000
45.883272 29.000000
35.087028 26.000000
31.834069 20.000000
17.687425 10.000000
41.442095 21.000000
33.206637 18.000000
28.374693 22.000000
41.949409 21.000000
26.283970 22.000000
47.493617 25.000000
28.420874 17.000000
23.005461 21.000000
27.815111 19.000000
27.153018 15.000000
43.335709 22.000000
39.951351 20.000000
19.345937 15.000000
45.449554 23.000000
35.674285 28.000000
18.657584 15.000000
32.222303 20.000000
15.016290 12.000000
27.709060 25.000000
26.762788 24.000000
42.700938 27.000000
23.957774 12.000000
23.834653 23.000000
37.819400 28.000000
38.937586 28.000000
14.683499 11.000000
26.676975 14.000000
19.876849 19.000000
22.576235 17.000000
50.188031 28.000000
25.769358 24.000000
31.004940 24.000000
24.366431 14.000000
22.957330 13.000000
47.285806 27.000000
23.173250 14.000000
14.744590 11.000000
44.251638 23.000000
15.133998 11.000000
36.837866 21.000000
27.527663 22.000000
28.131366 15.000000
28.195527 18.000000
28.712054 18.000000
12.615441 10.000000
29.566818 21.000000
26.704231 14.000000
24.670394 15.000000
36.902602 28.000000
37.160553 27.000000
23.909406 15.000000
26.382878 17.000000
37.895035 28.000000
45.149813 28.000000
40.353366 21.000000
47.448497 25.000000
26.258597 21.000000
44.504858 24.000000
26.657952 14.000000
29.013072 25.000000
49.794364 27.000000
34.529036 26.000000
31.953464 25.000000
16.093974 13.000000
17.381121 10.000000
32.522121 28.000000
20.880045 11.000000
36.197584 26.000000
17.535892 16.000000
33.815713 27.000000
26.390038 24.000000
34.546872 18.000000
32.856766 21.000000
14.227943 10.000000
16.721374 16.000000
15.241845 10.000000
44.847678 29.000000
23.516487 15.000000
35.487069 19.000000
22.614616 15.000000
47.877749 26.000000
29.381108 19.000000
27.524181 24.000000
46.893337 24.000000
19.933988 12.000000
31.183693 16.000000
51.158636 26.000000
43.351268 26.000000
14.934501 11.000000
24.925827 13.000000
38.652797 20.000000
37.582837 26.000000
17.535790 14.000000
30.574929 16.000000
40.611493 24.000000
23.621080 12.000000
23.614652 17.000000
20.235054 19.000000
16.883671 15.000000
28.279865 17.000000
42.959248 27.000000
35.328496 18.000000
26.576621 22.000000
41.240677 21.000000
39.013038 20.000000
37.707389 19.000000
29.939393 27.000000
25.932564 15.000000
45.615576 26.000000
46.892209 26.000000
33.848685 22.000000
19.522356 14.000000
42.324968 29.000000
48.756533 28.000000
24.498630 13.000000
19.308249 12.000000
39.630962 21.000000
13.275691 10.000000
14.771100 12.000000
24.550932 13.000000
19.736096 11.000000
36.812685 19.000000
21.079814 11.000000
16.380689 15.000000
23.130252 12.000000
