36.051490 26.000000
12.273350 12.000000
22.320728 20.000000
45.544789 28.000000
16.323859 12.000000
26.140401 15.000000
18.869971 15.000000
18.822260 10.000000
37.720033 24.000000
16.003808 13.000000
27.777055 25.000000
15.622690 11.000000
22.480164 17.000000
18.157507 11.000000
16.059069 14.000000
15.673832 10.000000
14.369734 11.000000
44.547265 29.000000
27.306078 23.000000
38.486661 24.000000
30.268897 23.000000
36.207305 21.000000
37.090212 26.000000
35.847506 26.000000
29.068930 17.000000
27.675879 16.000000
39.763294 20.000000
40.978397 23.000000
38.089802 29.000000
45.815626 23.000000
23.613608 12.000000
33.159793 28.000000
27.969283 25.000000
28.899710 23.000000
26.624184 15.000000
25.562071 24.000000
39.343197 24.000000
39.216352 27.000000
25.192558 20.000000
28.369622 16.000000
20.389298 19.000000
29.051253 28.000000
48.716477 26.000000
22.825158 16.000000
30.225230 17.000000
30.854795 23.000000
23.095743 12.000000
17.792249 13.000000
20.056696 11.000000
24.795935 22.000000
25.629645 13.000000
36.559226 20.000000
33.337555 24.000000
57.634585 29.000000
34.366907 18.000000
37.104396 23.000000
28.285500 20.000000
21.571139 20.000000
30.973662 21.000000
41.906991 29.000000
15.399290 10.000000
13.819281 10.000000
20.911902 12.000000
28.799488 24.000000
35.727290 29.000000
24.206105 16.000000
38.810662 20.000000
19.702944 14.000000
21.571106 15.000000
14.402598 12.000000
31.281807 23.000000
30.708985 21.000000
23.189073 23.000000
26.115197 21.000000
28.402247 20.000000
25.120029 21.000000
31.741381 17.000000
44.033280 24.000000
53.428495 27.000000
22.848752 20.000000
38.183777 27.000000
13.214662 11.000000
20.428612 14.000000
40.836625 26.000000
49.088714 28.000000
30.911222 17.000000
38.033723 28.000000
30.659729 18.000000
22.293905 17.000000
20.539492 11.000000
34.372544 24.000000
23.938086 17.000000
29.034308 25.000000
22.966574 13.000000
33.354188 17.000000
26.185227 26.000000
27.917446 16.000000
19.608890 10.000000
38.649714 21.000000
24.271297 21.000000
46.927094 25.000000
14.995744 11.000000
42.633112 24.000000
12.239986 11.000000
25.442876 13.000000
21.641629 11.000000
27.507479 20.000000
25.659408 20.000000
35.929814 18.000000
28.924458 18.000000
29.682462 26.000000
27.335093 21.000000
24.681577 22.000000
40.586148 22.000000
38.285766 20.000000
19.393478 11.000000
28.075694 22.000000
12.854091 12.000000
36.293453 21.000000
19.696873 18.000000
34.009735 22.000000
23.191721 18.000000
34.493837 23.000000
16.762105 12.000000
35.055576 24.000000
22.443751 16.000000
22.523524 21.000000
40.582236 23.000000
33.368290 22.000000
21.326472 20.000000
15.323687 11.000000
43.515367 22.000000
22.793051 14.000000
26.431347 24.000000
24.181215 24.000000
15.487686 14.000000
33.300369 17.000000
54.168248 29.000000
20.883351 17.000000
31.328958 24.000000
29.394314 23.000000
41.040640 23.000000
18.129511 17.000000
31.863756 27.000000
28.204944 25.000000
45.755055 26.000000
26.600803 24.000000
40.391336 29.000000
40.115651 24.000000
38.049275 21.000000
12.677389 10.000000
18.950391 11.000000
44.832757 24.000000
25.420150 18.000000
12.531124 10.000000
25.259078 22.000000
39.842242 25.000000
46.777052 29.000000
47.890878 29.000000
30.520142 24.000000
31.294303 16.000000
47.604696 24.000000
19.170452 11.000000
26.114351 22.000000
36.372153 21.000000
31.046794 21.000000
39.487384 21.000000
38.140873 20.000000
32.906135 19.000000
23.210169 15.000000
35.820709 18.000000
19.580344 17.000000
46.712551 25.000000
30.627197 17.000000
24.665416 16.000000
41.517138 29.000000
35.140190 20.000000
16.748844 14.000000
44.798403 28.000000
20.651306 11.000000
19.019534 19.000000
22.862642 20.000000
17.195657 16.000000
25.521884 22.000000
16.061780 16.000000
50.667286 26.000000
43.217878 24.000000
29.335395 22.000000
46.552464 25.000000
21.768521 15.000000
51.891577 27.000000
38.723164 22.000000
37.497700 28.000000
28.215434 28.000000
15.466712 11.000000
30.083443 24.000000
23.355678 12.000000
36.114537 28.000000
38.983467 25.000000
30.518879 16.000000
