32.308554 22.000000
35.837464 22.000000
18.695410 14.000000
32.256955 29.000000
43.618746 23.000000
24.734690 16.000000
14.954989 11.000000
23.799074 13.000000
23.430911 20.000000
27.697002 22.000000
26.247315 17.000000
45.145138 23.000000
22.173712 15.000000
17.283488 10.000000
21.973116 13.000000
42.498546 28.000000
14.877474 13.000000
20.816826 15.000000
27.866684 17.000000
36.445155 20.000000
25.728400 15.000000
36.070476 19.000000
26.336254 16.000000
40.006841 29.000000
23.166443 20.000000
37.910955 23.000000
44.402669 28.000000
15.862147 14.000000
22.945255 12.000000
30.195888 26.000000
17.123253 12.000000
24.942373 16.000000
21.518614 19.000000
22.061856 13.000000
24.397609 20.000000
17.957867 14.000000
26.855012 20.000000
38.046551 20.000000
30.228874 18.000000
22.514230 12.000000
19.245870 14.000000
21.865034 13.000000
36.909230 22.000000
28.340571 17.000000
29.389747 18.000000
19.839136 14.000000
44.760266 23.000000
42.626714 29.000000
28.349087 16.000000
12.415393 10.000000
28.044856 22.000000
33.345210 29.000000
27.965042 15.000000
45.918184 28.000000
38.048578 21.000000
27.092940 17.000000
35.447281 28.000000
21.112249 20.000000
16.411590 11.000000
14.951726 10.000000
15.560652 15.000000
40.802341 24.000000
38.794554 28.000000
45.263349 27.000000
29.866364 20.000000
22.181607 20.000000
30.016288 23.000000
37.580884 21.000000
38.767493 23.000000
32.735187 18.000000
27.301542 25.000000
36.780001 22.000000
27.721744 14.000000
31.021807 19.000000
14.468501 11.000000
25.000804 22.000000
46.409869 27.000000
44.355807 28.000000
44.421370 29.000000
19.622390 18.000000
34.667189 25.000000
47.599568 24.000000
26.701088 15.000000
31.095241 21.000000
20.018669 19.000000
27.932636 19.000000
22.238193 14.000000
29.542586 20.000000
41.548045 26.000000
25.578953 21.000000
25.331820 15.000000
28.645885 27.000000
38.845794 24.000000
18.945195 11.000000
32.987692 25.000000
31.811043 21.000000
43.157802 27.000000
31.179982 28.000000
37.753944 25.000000
20.647407 15.000000
23.231434 15.000000
31.399458 25.000000
33.675768 21.000000
37.776488 19.000000
21.244804 18.000000
25.400497 15.000000
12.827386 11.000000
12.946161 10.000000
25.087658 22.000000
27.495207 17.000000
20.032866 13.000000
14.919205 12.000000
29.346150 29.000000
20.420382 11.000000
29.701073 23.000000
32.722304 17.000000
41.631371 24.000000
25.162992 18.000000
26.757744 20.000000
13.111912 10.000000
22.236499 13.000000
35.655571 25.000000
39.867159 20.000000
24.166972 13.000000
51.307600 27.000000
30.279735 27.000000
15.198044 13.000000
25.864083 15.000000
25.170166 25.000000
21.938693 13.000000
25.954393 20.000000
32.961037 25.000000
31.308144 24.000000
41.939268 22.000000
44.476744 28.000000
25.958570 18.000000
34.362069 18.000000
55.640374 29.000000
33.544579 19.000000
26.345357 19.000000
13.665307 11.000000
21.778420 11.000000
52.080415 27.000000
47.151872 24.000000
48.072896 25.000000
21.502219 13.000000
20.857807 12.000000
29.837230 18.000000
13.251500 11.000000
23.749012 14.000000
24.209421 24.000000
36.566585 29.000000
23.127475 16.000000
22.460301 16.000000
47.678987 24.000000
35.814697 18.000000
45.345138 23.000000
48.155319 25.000000
36.357855 21.000000
47.483563 25.000000
32.717094 17.000000
22.132423 16.000000
35.604235 18.000000
25.034995 21.000000
38.032986 24.000000
20.910397 15.000000
44.832742 23.000000
25.624777 22.000000
30.836759 25.000000
35.375762 28.000000
17.542652 13.000000
30.788108 27.000000
28.004993 28.000000
29.281234 17.000000
22.912667 22.000000
24.053651 14.000000
27.918702 15.000000
41.919028 24.000000
25.187347 17.000000
11.559250 10.000000
27.325994 27.000000
33.020828 17.000000
37.503395 21.000000
35.758494 23.000000
28.589229 16.000000
26.761340 15.000000
27.359426 17.000000
40.399623 21.000000
20.556868 14.000000
43.932797 23.000000
14.962142 11.000000
30.784993 16.000000
25.957768 13.000000
53.105851 27.000000
20.953035 15.000000
27.232820 27.000000
13.302470 13.000000
47.312894 27.000000
30.932032 18.000000
26.617438 16.000000
